$ANSIBLE_VAULT;1.1;AES256
66386232626432656134623865333234643631393163366665373938313130643966373734306635
3033653835613264363432666436396538666361353431650a663730363630353966393433393536
36346634313963323166353439396263653437613064613137323064356136333834303531343563
6562326663386465320a343737336366633966376134373166633435633035643132303266316130
38336165613731633637663834613531353237663435353636643862326532623436323161633438
39373965323964366132653663366365363434356535303537333339666334326362646266363831
38393361313662353438613836383361333166353532613466303538656235396236333330666139
38656633353032393138643665343965653764376537326434343362636466353566623264323163
37386363656561633839386631353762653163646665326535343334323332656430643264363561
39623431383339353332306335333330616666383764653066373435303032323032306161323634
31303836313038333830646365343162366366373232316439306530663564313736393030613838
62366237343939656264373830623063346438363339343561613736393339613465636539333637
37646436643636333937643966323762626265356161633730333162306166386461316137663961
32313961393931646266613331343837613531376235653763666430363933336661623838373262
35613730383332346563623834303061386534336434626635613861353062373632333564323834
33316137646466333962393937363963373930346166623765656436326261303166353464393563
34306633313533336430643931313463306437623864393532373336373634633835656663616334
30373362613434656561646431363937343336646233343433353538303938313132636138623562
65623336383239626532306230643861653832363735363137643463353239663736343362313565
33633862333765613864393361316133656536306430636363646331663139346562666165323466
66346437663738636339363136626165353835313830653833653131376330653561353435366161
30303765353231353732333336636639356166643635643363356663383261323564373734373037
62303462626138333634373735303636323663316236666536343266373462393266386639623138
64616532666136323937
